0 0 1 2 3 4
1 5 6 7 8 9
2 10
4 17
22 162 161 156 141
3 11 12 13 14 15 16
27 15 176 177 178 179 180 182 183 181
18 17 28 31 42 84 114 105 113 115 116 117 118 119 120 121 122 123 124 125 126 127 128 129 130 131 132 133 134 135 136 137
33 17 280 281 282 283 284 285 286 287 288 289 290 291
5 18 19
6 19
25 173
7 20 21 22
8 23 24 25 27 28 29 30 31 33 34 35 36 37 38 39 40 32 26
28 28 184 185 186 187 188 189 190 191 192 193 194 195 196 197 198 199 207 200 201 202 203 204 205 206 208 209 210 211 212 213 214 215 216
53 28 85 392 393 394 395
9 31
10 31 77 54 77 64 41 42 43 44 45 46 47 48 49 50 51 52 53 55 56 57 58 59 60 61 62 63 65 66 67 68 69 70 71 72 73 74 75 76 79 80 81 82 83 84 85 86 87
62 31 427 428 429 430 431 86
71 31 498 499 500
51 38 385 386
35 42 105 293 294 295 296 297 298 299 300 301 302 304 305 306 307 308 309 310 311 313 314 315 316 318 319 320 321 312 317 303
77 54 516 517 519 520 521 522 523 524 525 526 527 518
70 68 483 484 485 486 487 488 489 490 492 493 494 495 496 497 491
13 84 90 91 92 93 94 95 96
60 86
11 88
12 89
14 97 98 99 100 101 102 103 104
15 105
16 106 107
17 108 109 110 112 111
19 138 139 140 141 142 143 144 145 146
87 138 139 140 582 583 584
23 141 166 167 168 169 170 171 165
40 141
41 141 361
54 141 396 397 398 399 400 401
34 292
76 292
47 297
36 322
37 323 324 325 326 327 328 329 330
79 327 534 536 537 538 539 535
38 331 332 333 334 335 336 337 338 339 340 341 342 343 344 345 346 347
44 357 369 370 371 372 373
42 362 363 364 365 366 367
43 368
45 374 375 376 377
46 378
49 379 380
50 381 382 383 384
55 402 403 404 405 406
59 424 425
65 431 434 435 436 437 438 439
63 432
64 433
67 456 457 458 459 460 461
80 456 540 541 542 543 544 545 546 547 548 549
72 501 502 503 504
73 505 506 507 508 509 510
74 511 512 513 514 515
61 426
78 528 529 531 532 533 530
81 550
82 551 552 553 554 555 556 558 557
83 559 560 561 562
86 571 572 573 574 575 576 577 578 579 580 581