0 0 1 2 3 4
1 5 6 7 8 9
2 10
4 17
31 248 31 31 234 17 85 105 107 113 226 227 228 229 230 231 232 233 235 236 237 238 239 240 241 242 243 244 245 246 247 249 250 251 252 253 254 255 256 257 258 259 260 261 262 263 264 265 266 267 268 269 270 271 272 273
33 17 280 281 282 283 284 285 286 287 288 289 290 291
5 18 19
6 19
25 173
7 20 21 22
8 23 24 25 27 28 29 30 31 33 34 35 36 37 38 39 40 32 26
28 28 184 185 186 187 188 189 190 191 192 193 194 195 196 197 198 199 207 200 201 202 203 204 205 206 208 209 210 211 212 213 214 215 216
53 28 85 392 393 394 395
9 31
10 31 77 54 77 64 41 42 43 44 45 46 47 48 49 50 51 52 53 55 56 57 58 59 60 61 62 63 65 66 67 68 69 70 71 72 73 74 75 76 79 80 81 82 83 84 85 86 87
21 31 150
48 31
62 31 427 428 429 430 431 86
71 31 498 499 500
51 38 385 386
13 84 90 91 92 93 94 95 96
68 84 182 444 462 463 464 465 467 468 469 470 466
66 85 440 442 443 444 445 446 447 448 449 450 451 452 453 454 455 68 441 394
60 86
11 88
12 89
14 97 98 99 100 101 102 103 104
15 105
16 106 107
17 108 109 110 112 111
19 138 139 140 141 142 143 144 145 146
87 138 139 140 582 583 584
23 141 166 167 168 169 170 171 165
40 141
41 141 361
54 141 396 397 398 399 400 401
34 292
76 292
47 297
75 31
58 319 420 421 422 423
36 322
37 323 324 325 326 327 328 329 330
79 327 534 536 537 538 539 535
38 331 332 333 334 335 336 337 338 339 340 341 342 343 344 345 346 347
44 357 369 370 371 372 373
42 362 363 364 365 366 367
43 368
45 374 375 376 377
46 378
49 379 380
50 381 382 383 384
55 402 403 404 405 406
56 407 408 409 410 411
59 424 425
65 431 434 435 436 437 438 439
63 432
64 433
67 456 457 458 459 460 461
80 456 540 541 542 543 544 545 546 547 548 549
72 501 502 503 504
78 528 529 531 532 533 530
81 550
82 551 552 553 554 555 556 558 557
83 559 560 561 562
85 570
84 100 563 564 565 566 567 568 569
86 571 572 573 574 575 576 577 578 579 580 581